23 176 222 240 274 318 322 326 360 388 399 420
31 136 246 368
146 221 247 259 284 292 296 314
14 21 26 78 139 150 188 201 204 259 265 272 385 400 412 432 444 486
39 52 139 173 316 480 481 493
34 51 67 83 208 318 353 412 446
69 89 103 186 192 193 213 217 281 410 420 425
29 36 43 73 147 169 176 214 281 318 344 482
19 33 40 167 172 220 385 420
4 28 33 61 160 274 284 293 316 377 432 439 472
48 49 69 95 125 221
3 15 51 66 86 107 155 205 297
21 63 81 85 104 132 168 238 293 371 374 395 404 422 423 490
11 51 52 63 69 85 87 191 281 289 298 299 336 368 412 422 455 466
0 51 60 63 389 404
17 97 191 274 335 339 360 403 456
8 26 27 76 127 163 216 222 260 288 389 478
147 217 219 347 372 467 493
11 40 78 123 167 199 403 482 486
119 222 322 371 390 471
7 14 61 188 233 282 371 409 437 446 451 490
8 87 127 132 213 222 238 339 353 392 412 419 421
71 127 148 210 219 232 283 286 377 402 418 419 457
9 107 149 192 259 283 293 316 437
18 140 155 209 287 318 399
24 118 238 248 306 316 325 429
23 48 278 325 414
18 87 132 154 192 201 253 259 277 311 326 425 464
74 307 419 472
6 29 38 68 118 138 154 437 487
17 89 127 182 201 209 279 298 300
9 107 123 238 283 360 361 404
5 49 50 119 209 416 439
21 137 145 318
28 63 118 127 129 439 472
87 107 214 300 306 399 414 416 442 460 490
127 293 360 404 444
118 124 329 471 480
33 61 210 246 371
170 238 292 490
48 73 81 222 325 385 412 419 473
73 106 119 127 139 155 178 371 414
100 132 137 154 246 293 488
63 103 138 148 166 248 278 295 318 322 326 365 371 392 432 447 493
38 414 444
63 89 123 217 274 347 364 420 425 467 486 493
17 100 116 146 147 204 219 221 234 247 319 338 360 374 395 399
8 175 331 416 418 432 457 486
87 119 146 147 152 154 243 325 353 368 402 456
87 117 159 160 179 199 340 395 438 444
33 40 143 147 167 172 214 220 236 331 446 464 472
80 112 191 236 388 442 477
63 133 140 160 261 318 325 371 471
26 222 259 336 405
10 34 36 43 61 87 103 112 168 188 242 247 291 316 321 372 412 416 420 429 480
63 108 148 229 306 353 425
9 36 62 78 100 138 150 171 201 286 316 339 384 398 493
247 277 437
140 163 192 209 340 356 467 472
4 12 38 51 73 101 117 142 231 238 281 285 318 360 402 403 472 482 487
10 11 38 81 120 316 372 374 409 432 455 477 486
31 39 55 132 159 206 227 368 395 404 471 472
60 61 198 233 234 274 325 337 402 412 461 488
16 28 48 117 130 166 221 335 336
62 166 178 354 416 442 465
3 29 163 231 371 374 377 397 431
14 59 63 80 117 154 191 346 400 425
60 67 100 103 111 155 233 416 432 482 490 491
63 128 173 191 221 273 405 415 477
28 34 38 63 78 80 104 107 306 395 400 403 495
43 63 67 112 135 142 274 281 336 371 442 454
73 142 231 420
3 39 53 55 73 123 154 176 179 205 214 300 398 414
71 112 188 231 286 299 302 359 484
25 38 67 69 90 92 111 112 119 123 152 163 263 471
106 124 142 259 404 423 435 436 443 491
127 222 234 266 461 469 481 497
160 188 204 247 377 412 425 459 470 472 497
9 55 61 80 96 168 274 382 420 472 480 499
99 100 147 171 202 215 284 410 453 488
9 19 144 192 338 371 486
66 104 176 185 221 371 389 399 455 472
83 106 111 146 147 338 339 374 414
25 38 87 93 260 353 374 471 486
83 129 171 216 300 319 399 451 472 477
34 90 171 201 214 236 238 336 432 485
33 62 69 151 246 300 319 324 352 388
60 86 98 137 142 147 159 164 188 238 248 254 329 368 412 420 472
3 63 106 222 246 274 290 298 300 307 320 490 492
11 14 43 66 107 117 146 174 192 212 214 247 266 289 297 311 446 456
14 108 112 123 124 132 176 178 257 354 360 416 443 455 481
36 63 95 234 247 290 387 437 480 490
39 74 87 98 101 140 148 178 209 213 472 495
11 35 87 238 283 284 405
29 33 47 63 118 127 150 188 192 221 319 454
63 71 81 135 240 430 446
21 62 85 104 132 155 221 293 303 306 374 379 395 445
141 188 289 339 359 374 425
28 62 168 325 399 409 416 439 445 456 487
14 119 140 224 238 277 289 491
16 18 68 123 169 347 372 404 441 472
17 55 104 146 210 222 259 322 334 344 374 402 431 446
18 78 109 132 247 416 442
33 107 108 169 280 336 344 374
8 116 139 146 160 170 179 214 319 377 414 419 432 459 497
63 117 182 188 242 418 487
96 145 360 455
24 28 102 119 132 191 238 350 471 484
33 63 101 118 137 192 193 210 344 359 374 402 439 463 483
35 36 49 63 86 87 120 138 231 247 289 325 377 387 405 471 473
38 53 55 61 170 289 353 360 444
144 311 321 329
8 29 71 123 132 168 413 419 428 444 471 477
4 20 289 295 303 337 374 382 423 493
68 104 170 246 258 274
212 224 306 307 377 416 488
36 63 72 157 161 201 208 241 247 383 397 416 446
80 122 139 147 415
79 127 160 170 175 185 241 277 291 430 444 480 490
68 119 192 217 238 311 336 410 437 496
3 11 21 42 61 80 103 117 137 167 224 266 403 404
33 76 148 188 312 374 387 395 477 487 492
8 29 95 108 118 189 238 284 318 360 383 459
9 74 94 179 217 261 289 293 307 367 481
106 138 231 360 371 399 405 456 492
70 108 171 172 190 294 402 471
47 61 63 67 114 154 188 200 222 261 338 344 346 491
3 8 28 85 100 111 115 132 268 377 420 432 486
14 36 38 70 81 87 318
33 36 38 118 183 302 309 319 326 348 375
25 40 48 127 148 198 221 331 432 455
14 35 40 147 231 281 286 307 322 328 413 424 432 451
25 87 319 335 354 431
29 80 117 130 188 216 233 238 259 335 444
9 61 98 111 119 136 150 209 213 236 261 346 378 412 432 437 447 461 486
85 124 168 222 293 321 371 445
259 260 405 420 443 473
26 36 97 209 237 246 319 371 437
87 147 184 330 336 377 423 432 486
8 9 36 61 86 96 100 116 154 201 207 214 219 231 236 246 300 374 451 472 482 490
22 39 81 85 151 221 248 320 371 384 395 446
11 13 73 95 127 140 283 437 463
28 38 43 69 81 106 150 202 247 456
21 48 108 145 238 248 322 327
11 26 85 140 170 178 416 418 420 435 488
17 69 87 117 128 130 166 300 336 413
8 10 49 147 172 192 286 377 480
52 61 63 118 121 190 281 287 364 444 456
35 43 126 132 248 306 368 372
116 135 222 257
8 63 87 192 240 252 281 367 471
25 36 101 214 234 247 281 338 381 404 484
27 29 36 53 179 188 300 326 368 422 429 483 490
40 112 248 359 448
21 202 231 302 339 347 368 379 412 420
63 67 69 81 87 96 132 150 211 246 281 325 353 416 492
23 30 123 132 226 233 328 344 412 423 456
43 68 85 109 138 245 378 442 443 488
27 36 70 112 118 121 124 231 281 328 359 395 400 436
201 227 281
33 95 100 198 318 416 420 469
63 67 87 200 338 375 491
79 100 148 152 192 221 353 371 402 425 432
42 234 353 400 422
9 69 78 81 208 214 221 318 344 374 424 484
40 43 85 130 133 222 311 318 346 359 375 402 403 419 483
11 23 80 92 137 144 217 219 347 392 467 493
63 247 299 371
85 125 202 204 293 329 375 412 418 462
38 112 117 201 209 212 238 277 306 344 400 448 480 481
11 21 172 221 266 367 374
0 12 29 48 73 116 149 150 190 201 237 402 438 491
33 93 109 116 126 198 201 364 404
11 87 107 259 281 302 331 337 344 360 386 410 439 456 484
16 26 28 36 76 94 203 259 272 277 350 362 410 418 472
31 136 246 368
11 52 127 140 150 154 259 278 422 446
27 92 106 132 148 191 359 401 463
63 90 133 140 213 226 235 255 318 371 453 471
67 69 72 124 149 190 306 316 375 395 442
17 60 69 107 116 146 193 221 340 360
139 289 322 330 395 425 442
39 90 146 156 158 222 319 329 425 444 472
62 87 142 246 260 322 356 371
95 222 326 456
72 78 155 281 424 428 430 481
235 363 371
31 39 63 101 117 246 293 300 414
8 9 67 69 87 100 123 168 212 221 231 234 307 334 353 444 477 488
71 87 117 127 132 146 160 221 277 299 388 402 417 419
23 67 124 159 246 336 399 444 456 477 478
25 106 123 144 283 286 306 318 360 371 446
23 72 80 116 257 319 389
69 102 116 142 160 245 252 284 405 409 414 416
6 188 318 438 477 487
69 159 169 179 281 293 402 430
21 29 35 178 182 259 289 318 337 402 420 428 435 487
14 35 48 55 61 137 149 159 160 190 199 274 406 463 493
26 63 69 192 217 285 374 375 414 441 447 456
47 63 68 72 263 281 293 339 379
25 34 123 229 334 337 357 456
10 21 29 51 87 102 178 191 204 266 281 400 404 405 432
132 283 414 444 471 493
28 38 95 109 192 209 224
116 144 171 289 368 371 374 412 495
9 102 106 116 169 325 339 368 385 409 484
8 106 154 192 210 222 259 267
119 132 146 186 329 373 420
25 30 38 89 106 117 168 171 316 319 371
38 61 81 85 137 192 250 377 402 417 429 430 463 465 497
8 66 145 170 178 185 219 240 247 267 367 471 485
3 4 63 69 88 113 135 173 221 261 442 480 482 497
63 81 100 183 246
29 44 62 155 170 188 221 246 300 303 306 483
73 106 123 150 201 205 213 293 326 354 377 382 412 456 491
3 22 38 109 117 171 179 456
8 109 125 163 221 336 337 402 446
21 38 47 101 150 209 219 221 236 255 274 284 318 325 327 439
284 289 360 430 480 481
34 36 109 208 213 248 269 293 371 398 412 432
55 66 87 124 128 132 169 186 188 190 221 273 316 376 377 405 456 461
40 74 97 136 231 289 482
3 67 137 204 222 318 330 405 412 422 423 451
28 325 439 443 445 456 487
120 132 139 163 176 188 197 259 354 366 368 409 416 420
9 81 102 106 169 219 318 385 412 432
148 150 248 442 443 473 491
8 10 192 377
13 69 156 170 179 185 229 238 248 261 281 293 306 316 318 341 351 374
7 26 76 117 127 163 216 260 288 374
18 63 85 92 127 140 155 170 209 246 281 287 318 326 399 412 488
107 154 221 316 439 487
80 122 139 147 234 291 414 415
11 27 78 148 274 286 346 480 490
31 136 246 307 368 423 479
3 42 97 197 222 300 359 403 405 463 497
66 96 108 124 146 152 201 210 272 340 371 445 493
87 291 305 328 347 360 495
66 215 378 418 471
8 34 39 66 116 123 148 201 209 238 274 379 395 412 443 446 480 495
163 202 348 412 416 463
26 72 170 192 209 246 319 420 439 492
8 9 17 69 139 170 214 248 263 319 459 482
274 371 442 480 483
8 21 29 38 80 83 95 222 437 439 459 479
8 132 144 182 277 374 402
21 28 48 49 69 95 100 125 221 261
73 117 132 150 170 222 274 402 405 455
42 87 127 144 208 368 459
21 116 127 150 178 179 191 214 273 293 400 485
42 304
8 28 33 100 169 215 420 432
107 124 182 230 240 247 353 440
43 45 63 124 167 209 214 221 246 259 339 395 418 428 431 478 488 493
55 108 168 190 227 247 260 281 395 471 490
51 62 127 171 222 248 439 441 480
139 179 219 320 371 445 462
14 28 50 67 89 116 145 222 281 320 326 328 371 397 416 474 480
29 51 107 170 191 318 402 477 480
38 154 168 353 368 405 497
101 124 137 344 439 463
52 233 267 277 287 328 330 432
9 47 87 117 127 350 371 425 438
24 67 293 353 400 410 420
3 132 169 178 222 259 336 340 402 490
63 118 481
117 146 238 247 445
38 39 76 87 98 101 106 148 178 227 328 472 495
72 127 233 362
60 184 208 322 385 388 399 437 444 446
27 78 107 151 167 191 192 221 258 316 360 402 420 478
51 69 137 216 283 337 353 420 423 473
11 69 127 133 138 148 188 212 259 360 388 418 436 446 484 490
285 316
11 62 116 139 150 179 183 221 299 306 360 425
33 34 73 148 150 246 283 339 399 404 419 444 471
22 99 106 147 221 248 412
104 108 155 170 233 287 316 318 471
8 67 85 101 188 221 232 238 328 416 443 473
4 43 81 106 135 202 247 277 289 416 439 456 497
38 112 132 138 228 238 242 359 371 449
38 40 127 170 293 360 404 420 444 457
3 10 85 125 148 221 231 255 383 446
38 87 154 169 209 267 334 354 416 419 444
21 36 63 119 142 154 289 319 353 387 409 456 482
53 89 127 155 178 318 432
73 85 95 128 185 193 289 403 493
131 152 170 283 309 490 497
61 69 83 132 170 311 318 326 331 382
29 48 107 132 171 189 199 218 246 390 402 409 415 456 472 477 480 495
18 90 117 154 187 238 325 417
3 39 61 118 222 371 418 437 442
11 75 229 241 266 358 446 449 469
38 127 214 217 300 330 364 402 418
6 85 129 132 147 169 319 372 405 422
38 85 100 101 121 125 227 293 296 335 339 360 402 403 436 444 471
117 318 396 429
3 137 140 222 248 328 360 364 389 405 415 477
63 81 102 106 123 255 285 292 359 385 396 448
87 117 180 292 298 354 374 412 418 439 446 456 459 460 478
13 127 139 192 227 359 372
191 240 401 424 432 493
3 17 119 123 142 167 221 222 238 316 319 335 336 389 400 431 432
69 73 117 119 150 318 402
11 14 38 47 63 77 198 287 326 387
61 69 255 403 435
47 95 137 142 154 168 203 209 222 274 353 405 418 420 444
43 148 191 238 267 319 341 478 487
95 101 163 203 221 258 274 306 318 389 416 444
3 29 90 163 170 209 377 399 419
36 46 85 94 190 259 289 300 316 331 336 412 437 439 443 455 491
23 100 150 188 190 193 222 241 263 266 478
11 16 35 100 132 163 281 283 331 336 442 478
43 72 89 176 192 214 240 289 404 437 487
40 108 123 293 306 357 368
49 171 217 316 353 403 405
51 81 85 118 217 221 222 233 238 248 446 472
68 138 148 179 295 333 375 377 445 487 492
28 246 274 375 477
63 221 321 374 443
6 140 142 231 246 400 438 439
29 106 123 135 138 282 295 340 444 481
66 85 90 108 119 251 423
27 36 53 179 198 208 217 429
10 11 29 45 185 222 409 432 455 486
9 38 61 67 87 185 227 233 237 259 274 292 325 377 478
12 23 63 69 80 231 234 247 294 297 300 402 443 471 477 486 487
36 63 89 91 188 190 306 323 349 377 420 439 444
57 80 132 155 335 404
26 137 238 389 400 454 493
69 80 100 118 133 142 150 163
23 142 283 358 426 456 472
60 176 215 229 276 307 350 357 385 442 444 466
48 222 299 386 387
16 61 155 182 300 316 353 400 404 432 449 482
14 17 28 48 220 224 281 346 423
8 42 145 217 238 306 399 430
9 29 39 71 142 283 368 371 395 448
109 148 163 247 288 306 318 328 374 388 459 486
240 300 397 432 443 469
29 57 148 168 182 206 219 231 261 336 359 473
4 63 76 154 155 209 221 267 402 418 490
8 35 121 243 395 405 484
11 147 148 221 425
11 63 112 158 255 299 300 309 371 377
78 109 169 281 319 338 418 428 430
52 246 259 318
34 53 76 80 83 118 176 213 255 281 395 399 420 422 437
325 412
18 38 120 143 181 212 283 318 371 420 437
36 42 51 85 95 175 222 240 300 344 347 412
192 217 281 363 409 421 437 443 446
28 79 85 138 154 267 439 444 456
3 69 221 243 380 419 472
316 339 484
33 61 73 89 318 325
100 169 335 464
87 106 123 135 215 224 331 340 402 405 444 481
3 36 89 112 118 233 274 347 404 412 485
201 264 270 327 377 417 439 484
7 38 62 69 125 127 201 210 272 289 330 341 395 440
42 78 87 125 157 160 201 254 266 324 330 338 347 431 446 477 480
23 57 60 102 117 124 160 195 252 338 387
291 404 415
61 147 215 238 325 360 453
7 34 40 152 185 203 213 231 247 283 374 403 461
9 81 145 221 229 236 344 350 438 465 484
11 28 52 102 173 209 445 446
42 70 135 143 231 353 354 442
69 70 76 81 87 96 132 147 207 246 281 325 459
29 35 47 139 142 150 247 263 285 371 446 459 472
27 85 89 92 106 148 188 232 238 248 274 444 463 473 477
87 132 219 246 300 460
125 281 335 371 374 404
69 81 87 96 132 246 281 325
0 206 234 293 323 368
63 107 111 123 169 274 360 420 442 464
14 36 69 96 107 231 247 272 495
0 36 200 266 318 460
7 21 45 163 267 376 377 387 442 472
11 38 40 86 92 123 403 414 486
80 100 152 170 192 200 231 325 368 402 438 480
40 50 132 140 147 160 201 234 326 470
47 209 259 268 278 324 337 339 402 423 456
170 185 219 227 255 484 485
8 36 69 87 106 145 215 224 267 318 331 402 405 411 432 457 486
59 86 123 124 170 188 192 247 260 281 368 397 403 405 444
7 17 138 330 337 402 405 439 444
43 48 100 107 127 160 209 252 273 402
4 40 43 53 107 123 221 246 281 337 404 447
21 178 191 204 222 306 368 372 400 412
60 63 297 300 389 415
11 89 127 168 302 318 400 456
51 180 221 316 322 338 474
0 26 160 233 261 287 325 377 425 429 439 447
17 107 116 169 242 432 439
67 71 104 105 127 168 348 481 493
43 145 178 227 267 440 487
17 21 147 188 209 214 247 274 381 404 445 446 456 477 484
32 38 142 159 176 319 336 459
7 11 23 80 132 155 183 203 263 336 368 380
38 49 95 119 185 217 219 229 237 326 344 402
51 78 117 127 176 259 261 300 328 377 442 446
8 147 181 357 363 380 447
40 74 86 138 154 176 304 313 316 356 388 436 439 471 477
18 25 151 202 216 336 421
221 248 263 300 491
17 38 81 127 146 159 163 335 444
150 161 366 395 405 420 429 490
18 36 74 90 160 187 203 238 261 325 360 388 417 439 442 449
55 83 86 252 259 307 318 332 360 377 402 449
7 33 101 137 159 163 266 281 316 318 402
26 70 83 124 127 135 155 167 204 221 249 357 371 421 436 486
6 8 33 61 69 73 89 222 238 318 325 374 471
101 116 124 132 170 191 261 277 323 333 402 442 472
29 44 49 55 86 124 127 231 292 376 399 403 435 461
85 191 222 299 302 377
8 106 192 210 219 222 259 274 399
18 38 63 132 181 191 212 238 318 420 443
75 78 170 209 444 467 472
0 3 11 25 127 141 168 188 193 246 283 291 360 412 437
148 300 392 399 403 449
33 123 126 150 188 233 274 313 414 425
115 127 163 359 444
21 87 155 298 325 402 432 486
65 74 87 163 169 192 247 318 412 472
142 144 192 221 290 318 497
3 23 135 247
73 87 178 289 368 395 425 442 471
10 11 63 109 189 222 241 318 409 432 455 459 472 486
0 27 47 77 109 182 214 252 265 281 340 425
8 11 116 231 238 273 306 335 360 473
15 80 83 87 139 146 152 163 166 171 179 221 231 277 286 308 364 414 472
9 47 62 100 107 123 146 167 169 314 384 398 442
66 116 171 238 240 316 335 377 455 456
43 74 90 127 140 176 192 214 289 326 404 437
18 90 167 169 187 188 334 467 472
3 11 63 100 127 204 233 387 460
23 51 123 154 210 259 293 318 374 388 402 454
26 72 83 137 147 168 222 246 259 336 404 405 490
31 151 193 227 238 277 306 316 354 356 374 429
8 10 123 233 274 400 403 469
27 29 69 72 132 154 188 216 219 228 233 246 331 335 360 376 389 414 444 472 481 486
63 69 80 100 132 142 150 238 252 280 357 423 469
116 117 135 146 222 238 247 257 445
8 28 38 102 125 168 227 290 398
63 85 100 124 125 150 171 174 231 293 337 364 445 490
17 274 291 432
28 232 263 289 324
63 67 72 100 248 290 354 372 374 418 464
85 106 127 131 132 227 233 246 270 356 359 364 395 397 461 471
28 290 330 447
69 83 104 124 140 193 201 221 247 404 436 440
145 229 236 350 438 465
0 51 69 146 204 377 439 455
62 63 132 222 300 335 400 446
11 47 48 107 147 166 325 392 402
25 35 63 124 138 146 150 222 240 255 289 309 314 416 421 447 459 472 477 493
62 155 163 170 178 188 242 281 289 331
28 38 123 145 252 261 360 366 426
6 29 33 104 193 209 216 233 316 402 459
66 231 371 389 399 446 455
14 61 238 281 307 322 325 328 360 424 451
36 125 222 420 446 472
8 40 119 120 146 255 281 318 421 481 492
8 28 39 119 166 293 360 404
1 3 124 216 282 283 289 309 416 477
74 90 127 140 192 319
109 154 281 332 346 353 368 463 471 484
9 47 94 138 144 147 179 192 307 455 472
9 19 106 144 169 192 246 359 371 377 403 486
39 40 73 107 161 208 209 283 316 319 360 387 416
3 42 89 107 123 132 182 188 293 368
3 8 21 71 119 163 280 357 375 424 444
36 69 98 137 172 176 217 295 377 396 402 451 477 497
43 132 135 173 283 293 316 318 359 444 490
46 87 109 168 169 176 186 207 233 319 409 418 444 447 456
89 105 231 281 367
13 43 71 81 138 192 260 289 319
35 87 123 130 179 238 283 291 319 322 350 360 395 403 405 416 427 432 486 497
100 144 146 246
68 81 222 261 278 428
38 39 43 66 80 81 106 116 123 201 202 209 277 395 412 439 456
28 35 70 106 135 189 222 246 274 287 293 308 363 377 442 446 492
35 49 70 81 123 135 144 170 171 214 377 438
94 106 412
46 67 107 231 281 291 336 368 392 425 437 444 471 480 495
67 116 159 160 252 316 403 415 416
11 87 143 170 183 220 259 273 339 453
18 41 300 329 432
13 63 148 213 222 241 400 437 484
8 145 191 241 272 274 285 299 318 455 471 482 492
10 38 40 104 112 248 299 346 359 399 444 448
17 38 173 215 236 267 274 444 486
33 36 187 188 203 241 259 281 387 402 405 412
24 94 95 169 171 179 274 309 352 358 412
47 132 178 293 300 359 397 405 416
4 48 154 168 183 336 353 397 413 439
17 123 150 155 161 173 255 279 402 451
29 47 123 221 319 418 482
118 154 159 387 399 444 472
12 63 69 247 402 477
36 119 154 246 346 416 486
38 73 81 139 300 325 366 412 419
25 36 125 220 386 423
14 107 131 135 259 267 319 341 353 398 487
10 117 343 432 486
34 87 192 234 238 461 469 481 496 497
9 29 47 81 138 150 221 300 319 344 484
90 100 169 171 292 445
23 55 117 120 124 130 300 328 350 403 405 421 486
39 74 85 147 159 412
63 132 238 252 357 412 423 469
9 63 79 87 217 231 353 380 387 437 442 443 456 463 471 487 499
132 140 412
13 43 77 261 281 306 318 351 443 471
0 48 49 70 83 117 168 214 248 293 312 336 385 397 422 436 453 480 493
28 69 104 132 395 420 425
8 10 48 63 69 100 221 222 299 334 386 387 399
40 47 127 139 258 309 385 416 481
125 132 154 213 221 238 272 299 326 359 372 398 400 412 415 471
71 223 353 359 360 425
0 36 81 100 116 154 206 207 219 231 234 236 255 293 300 323 368 396 448 490
38 131 150 209 224 404 484
39 320 384 395
29 63 73 89 101 192 255 335 420 459 491
36 124 227 274 360 367 397 426 437
102 106 169 212 385 419 432
99 101 192 205 210 274 278 387 432 447 497
36 52 61 148 303 360
40 117 132 135 139 259 321
8 39 63 120 131 166 310 371 377 383 404
11 25 89 106 116 147 148 170 171 319 360 413 432 486 492
5 40 52 86 104 155 277 283 377 422
40 76 316 338 432 493
9 19 87 116 147 286 293 374 442
51 111 148 182 243 261 316 336 429 477
21 150 203 221 378 422 423 454
36 92 235 316 410
41 176 189 247 259 366 432 437 455 463 486 487 499
119 123 316 405 484
36 295 360 374 484
10 47 109 116 154 169 209 280 319 361 397 412 418 439
81 112 149 247 260 279 319 463 482
3 63 69 113 261 442 480
81 100 255 274 283 306 316 359 375 395 396 403
21 203 423 454 472
17 23 291 319 360 403 420 425 432 472
42 140 192 210 219 233 309 336 359 395 459
25 118 230 367 432
18 139 268 273 281 432 444
47 160 215 247 286 318 335 353 379 487
40 69 84 169 232 247 328 372 374 418
14 38 117 147 229 360
42 67 106 171 185 291 303 353
14 44 48 101 293 319
36 246 260 322 369 371 403 425 472
21 34 38 95 108 112 123 147 265 379 389 412 480 495
139 179 219 320 371 445 462
27 66 81 98 99 117 169 295 335 359 416 453 467
80 147 248 376 398 423 482
62 186 202 231 302 339 368 412 420
34 36 69 100 116 154 207 219 231 236 300 335 360 414 416 420 490
14 28 33 96 160 166 182 188 233 274 318 371 405 425 488
11 35 60 69 210 237 276 281 306 321 330 350 491
63 67 150 192 211 311 353 416 437 492
9 25 31 85 124 148 298 360 422 442 455 472 494
5 74 83 146 154 219 222 346 405
42 63 74 182 210 255 311 397 463 482 486
21 326 377 422
69 140 146 259 281 294 324 484
70 87 100 199 215 281 387 414 436 459
36 43 77 100 150 174 222 293 300 326 333 366 443 471 490 493
3 28 85 104 172 328 354 484 487
21 29 87 124 178 191 204 319 400
103 138 166 371 392
17 38 48 63 85 87 130 159 259 350 403 416 486
38 83 85 89 142 144 293 400 445
132 135 163 209 210 242 361 371 378 474
48 59 63 67 72 100 123 145 169 248 294 374 473
0 36 173 233 289 378
38 71 229 283 325 348 371 377 412 428
36 243 299 472
14 117 198 300 493
29 87 133 143 146 247 248 325 360 383 415 438
63 91 100 117 169 170 179 231 238 368 413 439
17 39 62 132 167 219 263 286 293 432
23 95 158 178 231 292 375 437
63 101 135 170 192 289 328 371 423 438 456
26 36 127 168 221 333 427
44 81 167 214 299 331 339 480 492
36 38 61 70 238 311 318 322 325 360
73 85 90 170 192 247 326 488
38 40 63 69 170 182 206 210 235 241 281 300 316 318 325 330 336 399 471
101 128 192 243 323 331
14 47 67 71 136 140 221 259 350 377 389 417 421 444 453
85 87 116 160 169 192 227 247 289 318
36 43 74 97 129 130 135 155 158 316 395 405 416 447 451 459 481
23 80 100 150 204 222 274 335 344 423 464
38 43 81 106 202 277 456
86 92 210 292 414 415
42 87 138 178 368 430 490
28 232 263 277 287 289 319 324 481
63 70 83 112 142 147 188 222 246 326 388 471 491
231 247 289 402 484 491
87 90 112 123 163 246 412 471 487
52 68 168 263 283 344
87 100 132 154 242 273 289 299
36 69 85 100 123 125 132 202 247 293 315 329 330 353 374 385
11 73 117 147 150 221 258 306 318 360 389 402 443 480
8 28 185 297 377 403 430 434
40 59 172 190 192 210 247 261 291 374 395 456 471 490 497
34 62 66 78 93 222 230 302 339 412 438 456
3 48 73 85 117 160 163 252 374 382
217 263 293
23 83 112 124 311 416 444 479 492
83 117 146 238 247 416 445 479 492
11 48 128 173 192 201 336 377 472
43 93 141 238 319 360 368 400 479 497
4 11 51 150 154 182 209 221 238 281 287 293 306 372 416 436 462 468
96 214 284 395 403
8 39 119 120 124 246 281
99 117 152 154 215 400 453
60 188 213 216 269 274 404 418 480 492
8 10 123 233 274 400 403 469
63 85 112 125 170 192 193 261 389 401
49 147 204 207 247 387 403 412 418
74 97 136
35 36 112 246 258 277 281 289 293 314 338 380 455
4 21 89 119 148 283 322 432 487 491
129 166 221 248 318 326 377
11 143 170 183 220 259 273 339 453
29 43 125 293 350 439
39 67 70 83 124 127 167 171 204 222 353 371 397 418 442
14 38 51 220 281 300 395 464
13 102 210 263 374 463 490
43 77 266 281 366 405 443 471 495
170 405 490
36 72 259 372 446 471 487
102 135 168 192 221 231 267 277 300 319 335 341 398 439 444 487 490 492
154 222 307 360 404 472
62 72 159 209 221 299 300 335 444 473
68 272 474
14 48 63 68 72 111 123 152 216 222 235 246 483 487
25 52 69 70 80 83 135 144 147 163 166 221 287 326 374 409 416
274 371 442
36 61 117 246 442 459 477
116 148 171 182 210 232 316 327 368 400 402 421 442
23 222 274 322 420
8 55 63 87 123 136 160 247 263 285 292 351 357 409 439
68 89 235 317 325 326
144 184 215 233 289 325 416 420 477 485 491
25 63 328 359 391 419 439 446
9 38 132 189 221 275 372 395 423
42 108 117 160 222 258 266 289 325 326 335 344 353 360 402 438 456 487
3 28 39 43 91 188 221 246 293 331 339 374 399 423 425
17 23 40 55 89 120 182 201 222 240 298 300 302 328 405 421 439 455
152 185 289 299 357 412 420 439
23 38 72 155 183 222 299 303 420 481
31 66 97 132 155 238 293 318 369 374 417 446 495
63 118 127 472
118 127 216 246 305 322 421 444
51 111 123 137 147 150 190 282 404 460
25 36 86 94 125 195 260 266 303 346 386 409
40 63 85 243 261 289 402 477
9 17 21 152 186 319 337 344 359 374 412 447 490
65 66 69 87 132 215 224 316 331 377 402 405 411 456 470
36 81 112 116 124 184 188 193 203 214 272 316 319 325 374 387 395 433 456
19 124 221 261 300 340 377 446 496
132 146 221 277 299 388 419
12 63 69 247 297 402 477
35 36 89 116 195 198 387
18 78 109 132 416 442
26 180 240 263 296 412
52 87 97 148 154 179 238 306 311 316 325 371 374 412 429
179 338 388 480 493
47 52 55 61 96 118 163 222 290 374 420
38 171 234 266 431
11 66 144 169 214 234 248 318 336 338 389 444 446 447 465
28 38 69 87 101 154 199 248 259 323 353 385 420 425 471
36 148 180 202 374 405 409 442 447 459
68 123 170 221 321 336 359
8 63 100 112 201 400
8 36 126 127 132 167 179 265 274 324 414 442 481
17 19 35 42 216 238 277 400 401
9 29 176 238 283 335 360 404
97 130 140 168 247 260 281 416
36 69 137 140 142 146 160 219 281 338
63 89 94 135 210 277 284 300 360 400 410 446 455 486
23 34 48 119 137 214 300 316 339 459
26 62 100 127 154 281 284 330
47 72 167 214 330 339 379 439
63 148 214 224 292 368 444 477 490
36 38 69 103 171 188 192 322 372 375 397 431 447 456
47 136 179 236 240 281 350 371 464
38 100 214 227 303 374 444 460
69 87 118 193 261 300 358 416
80 100 108 175 222 234 248 294 423 486
163 192 209 340 395
39 55 80 132 203 227 395 436 446 471
21 28 49 83 120 171 213 297 322 350 446
89 116 150 247 293 441 485
14 47 72 85 87 89 142 168 222 248 300 339 379 444 445
11 83 132 204 219 287 339 375 442 453 486
43 67 79 104 219 481 493
39 94 154 247 259 269 283 289 294 360 368 377 453
25 189 204 219 277 281 303 377 436
36 68 118 127 222 292 378 402 482 486
49 60 100 184 208 385 387 403 416 490
63 81 85 112 120 144 179 320 443 461 480
36 100 116 144 154 156 207 209 219 231 236 300 344 487 490
17 68 125 272 274 474
23 65 152 190 210 238 274 319 364 399 425 442 444
15 38 62 85 108 160 183 261 316 325 347
17 25 154 222 238 328 359 377 402 437 439 441 446
3 36 105 121 155 179 222 247 299 390 405 416 497
8 28 38 51 61 62 69 81 97 135 168 233 281 314 318 404 422 437 482
15 36 183 274 316 347 400
36 124 152 212 217 227 347 463
41 140 182 281 297 338 371 377 402 405 453 472
70 78 106 138 139 146 198 209 360 399 470
34 38 39 106 150 222 334 414 479 492
80 89 101 213 227 252 259 350 368 372 410 416 417 437 483
36 40 61 73 87 91 115 135 188 208 282 317 397 402 412 443 495
7 11 47 192 248 325 336 377
117 127 323 360 414 438 444
3 182 189 222 259 333 371 437
34 109 147 213 269 282 293 404 432 460
49 61 72 83 109 193 222 238 246 343 353 359 364 423 465
11 33 61 67 73 87 101 117 120 169 182 214 266 281 473 490
79 118 145 497
22 100 106 144 147 221 236 248 325 347 371 402 412 423 493
33 75 100 185 277 298 471
7 36 80 171 267 298 325 362 442 444 472
6 52 63 65 93 97 108 215 227 377 432 463 472
36 48 135 198 210 277 300 372 410 439 446
17 18 38 123 125 307 346 374 377 412 423 472
127 471
34 47 66 171 339 430
14 125 338 360 437 444 480
3 107 119 123 127 169 238 300 322 371 442 471 487
26 72 234 335 374 444 485
4 17 48 63 69 125 221 234 246 279 284 331 368 415 428 483 495
21 29 182 399 402 420 487
73 103 205 297
85 132 243 302 404 440 455
29 81 83 89 103 188 310 313 319 372
18 25 51 69 93 116 118 137 170 191 201 216 318 397 421 437 480
9 12 19 25 83 106 118 147 205 213 283 284 318 371 399 425
6 9 248 372
8 36 83 163 246 274 293 325 412 444 446
116 147 154 170 277 335 432 463
44 49 91 93 127 252 318 348 377
36 140 150 221 222 237 293 316 329 339 360 412 439 484
3 8 21 22 23 71 163 173 197 204 239 246 357 374 375 419 424 442 444 456 471 472
61 127 188 201 229 233 246 281
17 63 123 289 340 415 472
89 108 139 163 192 310 350 404 409 416 438
97 170 238 245 292 377 415 431 455 490
39 112 215 222 243 334 364 409 472 487
69 138 143 159 163 300 347 360 453 455 477
140 234 283 342 432 467 472 477 491
28 63 70 85 135 185 201 217 259 277 354 453 461
34 51 60 123 209 289 322 334 337 399 437 444 446 456
28 39 50 87 114 227 299 405 432
8 22 29 36 83 192 246 255 368 420 424 474
143 160 221 246 252 284
6 43 120 146 188 205 246 259 267 306 417 446
11 148 221 416
38 67 95 147 150 171 192 226 302 307 316 326 360 363 409 414 431 432
9 116 142 191 221 322 335 360 398 402 417 492
29 61 68 146 154 155 161 168 293 339 366 389 420
14 29 46 112 132 178 257 387
38 224 303 325 336 456 463 471 493
89 99 101 127 168 198 210 217 318 447 488 497
38 49 67 104 263 277 480 481 482 493
23 38 183 222 299 303 330 420 421 459
3 24 35 49 69 142 238 293 297 335 405
19 119 137 146 160 201 231 293 347 360 385 439
8 50 62 100 109 147 169 186 191 233 238 277 302 309 398 419 444 487 493
28 68 69 86 89 119 166 222 235 293 306 317 325 326 360 477
0 51 137 222 277
116 319 364 442 473
47 143 146 228 289 307 310 314 368 403 404
3 28 63 80 146 176 182 472
63 72 80 81 87 222 283 290 300 307 320 325 353
4 14 29 36 48 116 148 347 357 371 443 464 469 472 491
114 252 278 416
5 216 302 359 403 432 467 471 480
8 28 155 283
34 63 87 91 192 238 480 496
9 62 168 189 246 298 318 325 335 360 412 414 416 437 464
5 26 28 63 101 127 203 227 266 290 395 409 416
8 124 208 281 348 377
25 63 89 124 170 212 217 282 284 317 347 360 400 432 463 486
3 6 7 49 69 100 127 132 170 194 293 446 464 480 493
39 62 101 109 121 210 265 366 402 403 420 449
26 38 47 63 107 129 160 180 221 263 283 318 353 363 412 487
43 48 71 143 176 214 289 293 313 336 400 404 416 433 437 444
306 342 360 372 443 490
11 21 81 266 281 300 387 459 483
71 103 143 147 204 210 260 280 299 318 419 471 482
8 95 108 135 166 222 263 331 361
63 124 246 248 281 402 416 471 472 480
26 66 104 149 153 222 237 238 259 336 344 405 481
29 42 67 83 93 109 112 123 135 169 300 319 343 418
5 10 117 118 132 201 343 432 439 472 486
73 102 117 139 154 169 188 372 400 471 480
26 39 50 69 117 155 163 288 363 388 410 420
12 163 179 221 293 311 402 405 409 416 442
94 127 166 170 289 300 361 364 402 459
0 32 48 70 83 117 159 168 214 336 385 493
87 117 123 139 155 166 179 221 354 444 472
35 36 69 104 123 238 289 362 371 414 482
40 123 213 404
69 89 98 109 136 180 185 209 242 328 339 402
19 34 42 106 128 210 219 233 274 336 377 385
27 73 135 272 273 375 403 446
10 38 71 117 127 137 142 229 281 416 446 456 459
33 63 118 170 191 193 215 231 306 334 377 455
28 85 210 219 232 238 375 377 412 418 484 487
14 43 63 85 192 243 289 297 311
135 354 371 399 412 471 486
21 29 101 123 127 137 154 191 201 291 300 316 401 442
26 95 101 192 203 222 227 259 274 325 336 405 412 444
36 40 119 168 231 263 377
35 107 124 182 222 230 233 302 353 438 440 456
4 14 116 357 371 472
73 100 135 160 220 269 299 346 360
9 78 116 142 205 235 281 322 398 417 443 492
8 28 148 163 191 204 221 374 420 432 490
24 38 80 100 114 193 283 410 486
50 100 147
63 147 174 216 246 471
10 61 85 89 117 119 160 248 293 375 441 484
0 140 169 188 195 260 281 306 319 402 444 482
71 94 144 146 183 416 432
26 78 180 217 219 263 281 412 428 430 467 493
98 132 148 217 284 318 416 467 471
87 114 231 238 306 335 488
17 23 55 120 182 300 328 353 369 405 421 480 491
43 119 182 238 280 286 289 311 339
51 118 160 217 222 233 274 449 472
10 11 209 318 409 432 455 486
42 192 238 319 387 482 486 487
85 179 325 374 461
48 83 85 95 108 166 205 222 246 371 387 455
13 63 95 104 192 253 284 437 439 470
91 176 274 278 303 339 372 374 387 397
140 145 210 213 231 363 400 439 445
38 40 85 189 197 247 331 432 451
116 147 150 282 311 377 404 460
36 117 146 238 246 247 320 445
212 360 446
358 395 460
13 28 127 148 230 284 333 359 367 368
29 69 101 117 139 170 283 300 335 360 368 422 491 495 496
95 124 142 170 222 229 344
3 8 61 119 144 224 322 371 459 471 480
35 70 395 431 455
43 100 159 179 205 215 229 238 266 289 336 346 399 480
13 87 106 125 127 150 169 246 344 359 369 412 415
40 69 98 123 213 274 404 417 437 445
28 33 34 38 63 80 107 118 192 306 395 495
107 108 121 169 192 280 336 344 374 439
11 81 147 360 443 480
9 115 147 222 238 291 293 302 412 438 456
35 47 63 97 159 172 183 238 259 274 293 431
63 69 127 160 216 442 447
284 289 326 360 430 437 471 480 481
48 49 69 95 125 127 135 150 221 238 242 261 402 439
4 11 109 135 137 179 222 246 273 316 352 359 486
91 100 117 169 170 231 238 413 439
66 83 129 147 237 247 259 265 300 347 362 399 416 472 477
29 43 63 92 142 148 214 259 318 337 366 374 437 491
62 63 66 87 109 247 281 315 374 444 461 481
183 201 371 383
25 38 71 87 93 213 221 234 260 372 378 471
12 33 191 285 298 302 317 322 420 444 487
18 90 109 116 187 293 318 325 326 417 443 471
51 147 300 335 353 374 420 423 438
40 107 161 208 209 283 316 360
8 127 176 259 293 306 402 404
8 28 29 67 266 332
11 47 167 169 188 266 291 329 456 477
21 71 123 127 137 291 300 347 401
33 90 140 145 150 154 231 354 400 402 439
13 21 43 69 81 138 299 318 439 471
35 70 170 189 191 231 238 363 377 419 442 444
40 107 163 281 322 412 428
48 86 90 92 371 374
8 10 35 61 75 227 274 283 318 338
28 116 169 272 375 400 424
66 127 209 307 371 389 399 439 455
26 28 81 85 209 246 247 319 464
95 170 171 187 209 238 247 266 319 354 371 443 495
66 118 147 150 174 199 277
8 38 40 192 247 261 359 395 405 422 460 471
3 28 62 140 213 248 380 418 430 446 486
10 14 24 38 51 80 117 220 248 255 281 300 325 395 464 480
61 106 117 155 210 246 259 442 459 486
11 28 47 69 74 87 97 107 116 360 374 420 425 439 484 487 497
65 132 209 357 385 411 439 444 461
69 179 183 231 247 350 353 354 403 416 441 446 480
8 66 247 283 377 403 423 490
47 107 118 124 182 230 248 353 437 448
11 87 143 170 183 220 232 259 273 339 453 456 485
21 248 298 342 361 377 412
78 93 151 326 354 356 490
67 72 73 125 163 295 300 335 359 405 453
21 25 36 38 63 87 133 135 325 360 397 416 446
63 85 140 148 209 213 222 306 313 347 353 387 442 453 497
63 70 219 221 259 274 318 399 414 421
11 112 127 159 222 288 354 420
7 11 135 281 372 462 468 471 492 493
3 11 63 100 127 132 187 193 204 212 229 233 283 309 360 387 409 444 446 460
214 240 272 287 316 325 360 361 400 404 437 477
138 437
117 155 233 240 354 387 444 472 491
63 135 201 259 298 335 420 480
11 52 127 140 154 164 180 214 422 446
36 69 83 140 221 241 247 436 443
47 49 62 93 246 402
160 247 306 322 324 335 344
9 40 43 95 119 136 145 206 209 219 274 364 399 414 442
50 155 259 283 298 306 371 402 447
29 63 222 255 293 300 309 318 335 347 374 404 432 464
11 38 63 118 132 170 183 263 302 319 368 375 444
3 14 61 70 135 145 178 233 238 267 282 375 451 455
14 32 36 101 180 189 210 212 231 338 359 402 421 429 483
20 78 87 155 186 193 213 281 330 410
29 73 119 139 140 163 248 281 336 371
40 85 132 139 187 212 248 321 430 432
78 79 127 221 261 371 432 442
36 38 40 112 127 132 139 167 187 238 247 266 319 321 420
63 95 142 145 178 231 248 267 330 451
87 104 107 142 247 289 374 403 436 493
48 109 123 150 222 233 304 374 486
11 14 29 55 62 78 107 137 280 299 372 374 402 403 477 480
53 114 132 146 188 192 221 274 277 281 299 300 346 359 388 429 446
36 72 259 372 446 471 487
35 39 85 117 170 222 473
10 63 159 171 183 236 259 274 281 283 293 359 414 431 464
11 38 148 183 302 319 360 375 413 492
48 63 81 222 299 386 387 395 492
66 116 150 280 306 316 451
38 67 92 119 217 238 263 286 442 487 490
48 62 73 157 222 226 266 267 277 299 319 383 386 397
8 33 36 104 125 166 240 348 405 435 459
95 96 150 154 219 246 319 402 464
68 85 127 132 168 246 360 367 397 405 412 437
109 169 319 418
38 61 72 137 146 212 346 378 402
15 38 109 169 183 293 316 319 347 418
27 107 118 123 126 137 169 231 289 395 400 405 436 442
35 63 67 91 100 132 160 171 217 238 242 283 318 353 360 371 397 455 480
136 170 247 259 265 272 310 318 395 486 496
34 69 87 137 154 188 277 335 337 405 432 463
85 101 222 267 319 335 341 390 403 436 487 494
7 17 87 222 326 449 486
26 33 73 100 139 325 364 402
14 47 49 71 77 150 170 282 405 425 446
1 36 116 204 281 382 414 419
4 97 109 116 125 173 360 402
70 135 259
17 36 78 104 277 410 466
40 69 119 156 179 183 185 208 316 344 353 368 416 480 486
38 117 127 133 148 160 169 261 292 333 347 360 442 472 490
20 67 69 121 150 181 209 217 227 272 327 360 412 432 437 464 497
89 148 189 233 337 370 402 405 412 420 471
45 63 221
33 39 87 90 98 101 148 154 293 303 354 400 446 472 495
57 78 170 222 242 247 291 300 326 397 399 405 455
11 116 132 183 192 238 263 360 368 402 443
36 92 138 228 235 316 402 410 422 471
19 61 151 201 335 371 490
33 69 85 119 125 171 185 247 416 432 439 462 484
34 43 87 108 127 303 318 339 371 416 471
0 18 74 81 188 322 323 363 371 399 409 425 446 450 469 472 493
8 63 81 97 135 248 382 395 492
29 48 61 102 109 111 123 125 140 147 168 192 202 261 360 432 472 477
11 38 188 283 353
5 24 316 368 391 420
